Task ID;Participant ID;Gender;Turn;Modus;TimestampStart;TimestampEnd;Duration;Behind;Point;Supervisor
0;6;male;2;Versus 2;0.00;1.31;1.31;True;+1;False
1;6;male;2;Versus 2;1.31;2.84;1.53;False;+1;False
2;6;male;2;Versus 2;2.84;4.35;1.51;False;+1;False
3;6;male;2;Versus 2;4.35;5.48;1.12;False;+1;False
4;6;male;2;Versus 2;5.48;6.98;1.51;False;+1;False
5;6;male;2;Versus 2;6.98;8.54;1.56;False;+1;False
6;6;male;2;Versus 2;8.54;10.18;1.64;False;+1;False
7;6;male;2;Versus 2;10.18;11.44;1.26;False;+1;False
8;6;male;2;Versus 2;11.44;12.51;1.07;False;+1;False
9;6;male;2;Versus 2;12.51;13.84;1.33;False;+1;False
10;6;male;2;Versus 2;13.84;15.25;1.42;False;+1;False
11;6;male;2;Versus 2;15.25;16.41;1.15;False;+1;False
12;6;male;2;Versus 2;16.41;17.75;1.35;False;+1;False
13;6;male;2;Versus 2;17.75;18.99;1.23;False;+1;False
14;6;male;2;Versus 2;18.99;21.66;2.67;False;+1;False
15;6;male;2;Versus 2;21.66;22.69;1.03;False;+1;False
16;6;male;2;Versus 2;22.69;24.09;1.41;False;+1;False
17;6;male;2;Versus 2;24.09;25.40;1.31;False;+1;False
18;6;male;2;Versus 2;25.40;26.40;1.00;False;+1;False
19;6;male;2;Versus 2;26.40;27.32;0.91;False;+1;False
20;6;male;2;Versus 2;27.32;28.84;1.52;False;+1;False
21;6;male;2;Versus 2;28.84;30.47;1.63;False;+1;False
22;6;male;2;Versus 2;30.47;31.88;1.41;False;+1;False
23;6;male;2;Versus 2;31.88;33.37;1.49;False;+1;False
24;6;male;2;Versus 2;33.37;34.54;1.17;False;+1;False
25;6;male;2;Versus 2;34.54;35.60;1.06;False;-1;False
26;6;male;2;Versus 2;35.60;37.45;1.85;True;+1;False
27;6;male;2;Versus 2;37.45;38.47;1.02;True;+1;False
28;6;male;2;Versus 2;38.47;39.58;1.11;True;+1;False
29;6;male;2;Versus 2;39.58;41.08;1.50;True;+1;False
30;6;male;2;Versus 2;41.08;42.31;1.23;False;+1;False
31;6;male;2;Versus 2;42.31;43.35;1.05;False;+1;False
32;6;male;2;Versus 2;43.35;44.33;0.98;False;+1;False
33;6;male;2;Versus 2;44.33;45.62;1.29;False;+1;False
34;6;male;2;Versus 2;45.62;47.28;1.66;True;+1;False
35;6;male;2;Versus 2;47.28;48.38;1.10;True;+1;False
36;6;male;2;Versus 2;48.38;51.10;2.72;True;+1;False
37;6;male;2;Versus 2;51.10;52.62;1.52;True;+1;False
38;6;male;2;Versus 2;52.62;53.58;0.96;True;+1;False
39;6;male;2;Versus 2;53.58;55.00;1.42;True;+1;False
40;6;male;2;Versus 2;55.00;56.69;1.69;True;+1;False
41;6;male;2;Versus 2;56.69;58.33;1.64;True;+1;False
42;6;male;2;Versus 2;58.33;60.33;2.00;True;+1;False
43;6;male;2;Versus 2;60.33;62.20;1.88;True;+1;False
44;6;male;2;Versus 2;62.20;63.75;1.55;True;+1;False
45;6;male;2;Versus 2;63.75;65.15;1.39;True;+1;False
46;6;male;2;Versus 2;65.15;66.36;1.22;True;+1;False
47;6;male;2;Versus 2;66.36;67.41;1.05;True;+1;False
48;6;male;2;Versus 2;67.41;69.36;1.94;True;+1;False
49;6;male;2;Versus 2;69.36;71.06;1.70;True;+1;False
50;6;male;2;Versus 2;71.06;72.17;1.11;True;+1;False
51;6;male;2;Versus 2;72.17;73.66;1.50;True;+1;False
52;6;male;2;Versus 2;73.66;76.44;2.78;True;+1;False
53;6;male;2;Versus 2;76.44;77.61;1.17;True;+1;False
54;6;male;2;Versus 2;77.61;78.65;1.04;True;+1;False
55;6;male;2;Versus 2;78.65;80.07;1.42;True;+1;False
56;6;male;2;Versus 2;80.07;81.41;1.34;True;+1;False
57;6;male;2;Versus 2;81.41;82.46;1.05;True;+1;False
58;6;male;2;Versus 2;82.46;83.45;1.00;True;+1;False
59;6;male;2;Versus 2;83.45;84.42;0.97;False;+1;False
60;6;male;2;Versus 2;84.42;86.62;2.19;True;+1;False
61;6;male;2;Versus 2;86.62;88.36;1.74;True;+1;False
62;6;male;2;Versus 2;88.36;89.63;1.27;True;+1;False
63;6;male;2;Versus 2;89.63;91.27;1.64;True;+1;False
64;6;male;2;Versus 2;91.27;92.42;1.15;True;+1;False
65;6;male;2;Versus 2;92.42;93.65;1.23;True;+1;False
66;6;male;2;Versus 2;93.65;95.25;1.60;True;+1;False
67;6;male;2;Versus 2;95.25;96.62;1.37;True;+1;False
68;6;male;2;Versus 2;96.62;97.84;1.22;True;+1;False
69;6;male;2;Versus 2;97.84;99.15;1.31;True;+1;False
70;6;male;2;Versus 2;99.15;100.68;1.53;True;+1;False
71;6;male;2;Versus 2;100.68;102.04;1.36;True;+1;False
72;6;male;2;Versus 2;102.04;103.30;1.26;True;+1;False
73;6;male;2;Versus 2;103.30;104.64;1.34;True;+1;False
74;6;male;2;Versus 2;104.64;105.88;1.24;True;+1;False
75;6;male;2;Versus 2;105.88;106.92;1.04;True;+1;False
76;6;male;2;Versus 2;106.92;108.78;1.86;True;+1;False
77;6;male;2;Versus 2;108.78;109.81;1.03;True;+1;False
78;6;male;2;Versus 2;109.81;110.94;1.14;True;+1;False
79;6;male;2;Versus 2;110.94;112.21;1.26;True;+1;False
80;6;male;2;Versus 2;112.21;113.27;1.06;False;+1;False
81;6;male;2;Versus 2;113.27;114.28;1.01;False;+1;False
82;6;male;2;Versus 2;114.28;115.59;1.31;False;+1;False
83;6;male;2;Versus 2;115.59;116.64;1.05;False;+1;False
84;6;male;2;Versus 2;116.64;119.34;2.70;True;+1;False
